cMo_vec
0.6360812199  0.7641148005  0.1073743611  -0.03232708552
0.5622424111  -0.3636665059  -0.7427180781  -0.05864993144
-0.5284734174  0.5327994408  -0.6609391825  0.381256386
0  0  0  1;

0.634762369  0.7658106993  0.1030082896  -0.03247656354
0.5579397964  -0.3620176627  -0.7467572534  -0.05856924282
-0.5345838742  0.5314858274  -0.6570714548  0.3796487573
0  0  0  1;

0.6372774066  0.7632490626  0.1064348409  -0.03235189478
0.557480955  -0.3612349664  -0.7474786177  -0.05854942406
-0.5320643681  0.5356866318  -0.6557036989  0.3811601503
0  0  0  1;

0.6234155892  0.7733953631  0.1149461418  -0.03230714008
0.5527513696  -0.3319539023  -0.7643772172  -0.05887121778
-0.5530089751  0.5400613105  -0.6344405838  0.3778064831
0  0  0  1;

0.6365052441  0.76263387  0.1151114876  -0.03213783935
0.5600535967  -0.3544015747  -0.7488254087  -0.05879056435
-0.5302839269  0.5410999022  -0.6526943027  0.3819696073
0  0  0  1;

0.6314339965  0.7680981383  0.1063783718  -0.03207310859
0.551287568  -0.348194238  -0.7581838761  -0.05849659836
-0.5453192876  0.5373881488  -0.6433046339  0.3816722164
0  0  0  1;

0.6378964825  0.7618528772  0.1125534146  -0.03220261238
0.5541802482  -0.3526168284  -0.7540196449  -0.0585724179
-0.5347638078  0.5433613585  -0.647136851  0.3812435849
0  0  0  1;

0.6365319034  0.7634026774  0.1097428275  -0.03214087194
0.5586247338  -0.3582487627  -0.7480616491  -0.05861377051
-0.5317570336  0.5374701631  -0.6544923842  0.3812070987
0  0  0  1;

0.6347545751  0.7654655236  0.1055895902  -0.03223879343
0.5581117594  -0.3596603061  -0.7477671618  -0.05849924829
-0.5344135976  0.533579419  -0.6555113349  0.3807339691
0  0  0  1;

0.6403956593  0.7581007381  0.1231936301  -0.03211772688
0.549374993  -0.3400463891  -0.7632532806  -0.05851998113
-0.5367313263  0.5564635875  -0.6342458192  0.3819981676
0  0  0  1;

0.6388996119  0.7608794664  0.1134448039  -0.03213086678
0.5595366193  -0.3584147171  -0.7473002491  -0.05857182318
-0.5279451275  0.5409263611  -0.6547309479  0.3815239682
0  0  0  1;

0.6379960073  0.7620854904  0.1103938407  -0.03221904806
0.5585906564  -0.3593462033  -0.7475605559  -0.05853630026
-0.5300354453  0.5386056178  -0.6549552772  0.3823338548
0  0  0  1;

0.6351013641  0.7639938148  0.1138407144  -0.03200268107
0.5600168048  -0.3539184089  -0.7490813963  -0.05864755982
-0.532003229  0.5394953297  -0.6526234393  0.3815521334
0  0  0  1;

0.6325654971  0.7670730012  0.1070509351  -0.0322348359
0.5442003513  -0.3418520503  -0.7661482581  -0.05814086022
-0.551096062  0.5428961102  -0.6336852089  0.3816420494
0  0  0  1;

0.6344484071  0.7649624142  0.1109401802  -0.03204004944
0.5583417851  -0.3542874079  -0.7501565727  -0.05883868841
-0.534536874  0.5378781809  -0.6518875615  0.3828509797
0  0  0  1;

0.6510898965  0.7493722907  0.1205118941  -0.03294885416
0.5484185418  -0.3547144188  -0.7572415626  -0.05771957262
-0.5247085379  0.5591232878  -0.6419206332  0.3834781937
0  0  0  1;

0.6364359615  0.7634910082  0.109684763  -0.03223662466
0.5574016791  -0.3569547779  -0.7495909916  -0.05853744225
-0.5331534817  0.5382051346  -0.6527500272  0.3811270344
0  0  0  1;

0.6422412526  0.7577117058  0.115754673  -0.03235190573
0.558716504  -0.3593849778  -0.7474478617  -0.05845893567
-0.5247495037  0.5447158972  -0.6541578936  0.3795524199
0  0  0  1;

0.6465130386  0.7529327652  0.12293552  -0.03221231948
0.5590729472  -0.3579440986  -0.7478726242  -0.05856857774
-0.5190937591  0.5522393262  -0.6523598669  0.3799853848
0  0  0  1;

0.6466538742  0.7493462957  0.1425443651  -0.03224901118
0.5349216857  -0.3122735793  -0.7850757937  -0.05821466412
-0.5437807987  0.5839223756  -0.6027745036  0.3754475905
0  0  0  1;

0.6387571715  0.7613536958  0.1110397484  -0.03232599729
0.5558651402  -0.3568602337  -0.7507760782  -0.05844592683
-0.5319804713  0.5412867294  -0.6511570123  0.3806662702
0  0  0  1;

0.6337704569  0.7661196545  0.1067505641  -0.0322622909
0.5486887967  -0.3479805726  -0.7601645384  -0.05875652817
-0.5452298711  0.5403426654  -0.6409010778  0.3790925535
0  0  0  1;

0.6356543677  0.7647820667  0.1051280895  -0.032310645
0.5562578337  -0.359337692  -0.7493021056  -0.05846484649
-0.5352763279  0.5347754795  -0.6538305891  0.3810690742
0  0  0  1;

0.6233779924  0.7799594079  0.05534618904  -0.03215919969
0.5386908636  -0.377083593  -0.7534056792  -0.05672646159
-0.5667557076  0.4994710061  -0.6552226201  0.383395857
0  0  0  1;

0.6335819903  0.7663234414  0.1064060374  -0.0321834133
0.5557483943  -0.3551079154  -0.7516928166  -0.05847178666
-0.5382542  0.5353940153  -0.6508730019  0.3812517734
0  0  0  1;

0.6381210414  0.7618021071  0.1116202765  -0.03222971934
0.5599678389  -0.3596975024  -0.7463603193  -0.05867477781
-0.5284293292  0.5387719892  -0.6561152244  0.381943033
0  0  0  1;

0.6391651279  0.7622562248  0.102143952  -0.03266584181
0.5587182038  -0.3689628128  -0.7427653812  -0.05846456806
-0.5284902156  0.5318194153  -0.6617145922  0.3814180333
0  0  0  1;

0.6385390818  0.7619597274  0.1080981723  -0.03238256567
0.5576481528  -0.3612998574  -0.7473225212  -0.05849219926
-0.5303738103  0.5374753826  -0.6556095137  0.3811442794
0  0  0  1;

0.6345937615  0.7658240977  0.1039432981  -0.03232371911
0.556924063  -0.3598930753  -0.7485402878  -0.05853613069
-0.5358417173  0.5329075208  -0.6548917684  0.3790799143
0  0  0  1;

0.6351355046  0.7612241931  0.130922185  -0.03219397523
0.5624617219  -0.3396432179  -0.7538430181  -0.05927992674
-0.529376711  0.5524311833  -0.643878937  0.3797857639
0  0  0  1;


Calculated cMo
0.6367833633  0.7630879908  0.1104702068  -0.03226790668
0.5551179035  -0.3542923803  -0.7525430369  -0.05848933244
-0.5351178015  0.5405308757  -0.6492112992  0.3809012194
0  0  0  1

result object pose
header: 
  seq: 0
  stamp: 88.410000000
  frame_id: camera_arm_color_optical_frame
pose: 
  position: 
    x: -0.03226790668
    y: -0.05848933244
    z: 0.3809012194
  orientation: 
    x: 0.8124480049
    y: 0.4056277714
    z: -0.1306691604
    w: 0.397894359

